1561367257.54	750	3.984059		1.106		450283		913		-4.7558
1561367260.77	2850	4.75122		0.0		1431809		2126		0.75
1561367288.92	4300	4.480809		23.83		2177073		26903		-99.619
1561367297.09	1850	4.292402		4.036		933276		6717		-17.954800000000002
1561367301.42	750	4.327262		0.319		411561		3290		-1.7217000000000002
1561367304.42	300	6.271117		0.0		126289		961		-0.15000000000000002
1561367306.27	300	7.295537		0.0		153295		972		0.3
1561367308.58	300	9.355692		0.0		173849		1240		0.3
1561367312.39	300	9.189357		0.0		150710		3128		0.3
1561367316.04	300	9.673817		0.0		139105		2628		0.3
1561367325.49	750	4.399274		0.157		353220		8408		-0.37510000000000004
1561367329.9	300	4.305262		0.35		156148		3200		-1.6549999999999998
1561367334.9	300	4.403623		1.066		160746		3844		-4.2838
1561367339.49	300	4.46828		0.637		179801		3489		-2.4391000000000003
1561367343.91	300	4.814382		0.0		140051		2563		0.3
1561367347.72	300	4.105166		0.031		138313		2871		0.16670000000000001
1561367352.09	300	4.136239		0.284		143509		3407		-0.9212
1561367355.86	300	4.43715		0.0		150616		2681		0.3
1561367358.38	300	5.841278		0.0		165384		1575		0.3
1561367362.61	300	5.608565		0.0		140881		2457		0.3
1561367366.19	300	6.759532		0.0		157671		1819		0.3
1561367368.45	300	7.648034		0.0		157812		1304		0.3
1561367372.06	300	8.183403		0.0		163927		2374		0.3
1561367381.53	750	4.42214		1.645		343800		8142		-6.7735
1561367387.91	300	4.069522		2.103		146754		2698		-9.192899999999998
1561367392.33	300	4.420819		0.784		153938		3283		-3.0712
1561367396.62	300	4.453435		0.286		181901		3160		-0.9298
1561367398.66	300	6.400131		0.0		111155		975		0.3
1561367402.13	300	6.927757		0.0		153605		2378		0.3
1561367404.84	300	8.203975		0.0		149029		1324		0.3
1561367407.8	300	9.351571		0.0		157421		1638		0.3
1561367414.63	750	6.264224		0.0		400322		6488		0.3
1561367426.13	750	4.48795		5.519		369834		10937		-22.9817
1561367428.81	300	5.732124		0.0		163444		1617		-0.15000000000000002
1561367433.85	300	4.723575		0.0		179328		3923		0.3
1561367436.61	300	6.017184		0.0		159914		1696		0.3
1561367439.38	300	7.168877		0.0		131610		1538		0.3
1561367443.44	300	7.12279		0.0		124011		2894		0.3
1561367447.87	300	6.744343		0.0		144254		3226		0.3
1561367450.81	300	7.796367		0.0		149991		1796		0.3
1561367455.39	300	7.175095		0.0		147968		2241		0.3
1561367457.44	300	9.121418		0.0		161857		1118		0.3
1561367459.23	300	11.328589		0.0		145210		856		0.3
1561367461.0	300	13.556227		0.0		172312		822		0.3
1561367462.95	300	15.598938		0.0		167025		767		0.3
1561367465.98	1850	16.591204		0.0		982064		1908		0.30000000000000004
1561367468.6	2850	17.956418		0.0		1231456		1705		1.85
1561367472.55	4300	17.995439		0.0		2155012		3153		2.8499999999999996
1561367475.9	4300	16.351006		0.0		1433658		2598		4.3

