1561360880.42	750	3.962343		2.532		450283		2348		-10.8876
1561360881.65	300	6.73821		0.0		155580		663		-0.15000000000000002
1561360883.24	750	9.090615		0.0		350812		1205		0.3
1561360885.01	750	11.343288		0.0		382355		1373		0.75
1561360888.74	750	11.604067		0.0		411561		3336		0.75
1561360890.94	750	13.394565		0.0		318564		1813		0.75
1561360892.72	750	15.62581		0.0		352642		1415		0.75
1561360894.75	750	17.571848		0.0		437162		1660		0.75
1561360896.09	750	20.2714		0.0		374758		928		0.75
1561360899.52	1850	20.834691		0.0		913888		2891		0.75
1561360902.34	1850	22.00659		0.0		939819		2430		1.85
1561360905.24	1850	23.108098		0.0		917428		2493		1.85
1561360909.36	1850	22.996471		0.0		946851		3730		1.85
1561360916.78	1850	19.604089		0.0		1036454		6888		1.85
1561360921.21	1850	19.178843		0.0		821631		3690		1.85
1561360926.18	1850	18.150694		0.0		923170		4425		1.85
1561360930.43	1850	17.92698		0.0		966699		3831		1.85
1561360945.52	1850	6.828262		0.0		885714		14614		1.85
1561360948.14	300	8.238606		0.0		165384		1980		-1.25
1561360950.44	300	9.889089		0.0		140881		1843		0.3
1561360953.8	300	10.51373		0.0		157671		2951		0.3
1561360955.62	300	12.714991		0.0		157812		1452		0.3
1561360957.48	300	14.856145		0.0		163927		1491		0.3
1561360962.25	750	14.77596		0.0		343800		3677		0.3
1561360967.75	750	12.472094		0.0		359903		5170		0.75
1561360973.02	750	11.319033		0.0		379700		4819		0.75
1561360979.71	750	8.632839		0.0		425781		6152		0.75
1561360981.41	300	10.929291		0.0		111155		1186		-0.15000000000000002
1561360983.09	300	13.276982		0.0		153605		1267		0.3
1561360985.29	300	15.776569		0.0		149029		915		0.3
1561360988.75	750	15.463877		0.0		358218		3090		0.3
1561360994.83	750	13.562464		0.0		400322		5611		0.75
1561360998.6	750	13.788058		0.0		369834		3291		0.75
1561361004.42	750	12.216057		0.0		412837		5106		0.75
1561361008.82	750	11.394548		0.0		401088		4113		0.75
1561361014.76	750	9.55985		0.0		365161		5582		0.75
1561361016.2	300	12.193459		0.0		131610		1016		-0.15000000000000002
1561361021.37	750	10.959677		0.0		361565		3182		0.3
1561361026.0	750	10.38616		0.0		378327		4187		0.75
1561361031.37	750	9.2921		0.0		390680		4609		0.75
1561361033.28	300	10.940654		0.0		147968		1543		-0.15000000000000002
1561361035.08	300	13.254585		0.0		161857		1369		0.3
1561361039.12	750	13.227117		0.0		372093		3591		0.3
1561361042.81	750	13.525427		0.0		438281		3257		0.75
1561361046.46	750	13.909351		0.0		398987		3228		0.75
1561361050.03	750	14.340111		0.0		393804		3099		0.75
1561361055.16	750	13.197461		0.0		331053		3731		0.75
1561361058.92	750	13.411143		0.0		314107		3120		0.75
1561361060.6	750	13.440126		0.0		255954		1275		0.75

